p50=0.000154182
p75=0.000209733
p90=0.000243063
p99=0.000263061
p999=0.000265061
max=0.000265283
rps=100.0
errors=0
total=12000.0
error_rate_pct=0.0
