p50=0.000119778
p75=0.000168011
p90=0.00019695
p99=0.000214314
p999=0.00021605
max=0.000216243
rps=50.0
errors=0
total=6000.0
error_rate_pct=0.0
