p50=0.000125011
p75=0.000184258
p90=0.000219806
p99=0.000241135
p999=0.000243268
max=0.000243505
rps=50.0
errors=0
total=1500.0
error_rate_pct=0.0
