p50=0.00135
p75=0.00175
p90=0.00199
p99=0.00215602
p999=0.00217278
max=0.00217465
rps=399.9
errors=0
total=12000.0
error_rate_pct=0.0
