p50=0.000893779
p75=0.00163158
p90=0.00237143
p99=0.0457513
p999=0.0469534
max=0.047087
rps=799.8
errors=0
total=24000.0
error_rate_pct=0.0
