p50=0.000802519
p75=0.00133004
p90=0.00172608
p99=0.00196371
p999=0.00198747
max=0.00199012
rps=400.0
errors=0
total=48000.0
error_rate_pct=0.0
