p50=0.00116667
p75=0.00183333
p90=0.00208887
p99=0.00218028
p999=0.00218942
max=0.00219044
rps=200.0
errors=0
total=24000.0
error_rate_pct=0.0
