p50=0.0025
p75=0.005
p90=0.00587273
p99=0.0304818
p999=0.0312527
max=0.0313384
rps=799.9
errors=0
total=96000.0
error_rate_pct=0.0
