p50=0.000327099
p75=0.000485377
p90=0.000580345
p99=0.000637325
p999=0.000643023
max=0.000643656
rps=100.0
errors=0
total=3000.0
error_rate_pct=0.0
