p50=0.00361538
p75=0.00478571
p90=0.00612
p99=0.0462402
p999=0.0482246
max=0.0484451
rps=1599.9
errors=0
total=192000.0
error_rate_pct=0.0
