p50=0.00055132
p75=0.000807709
p90=0.000961542
p99=0.00113422
p999=0.00115722
max=0.00115978
rps=200.0
errors=0
total=6000.0
error_rate_pct=0.0
