p50=0.00375
p75=0.00492857
p90=0.00586
p99=0.0312332
p999=0.0313962
max=0.0314143
rps=1599.8
errors=0
total=48000.0
error_rate_pct=0.0
